[gd_scene load_steps=11 format=3 uid="uid://cr6pncoc8vt1d"]

[ext_resource type="Material" uid="uid://wrap51uv34ro" path="res://scenes/red_material.tres" id="1_asqxe"]
[ext_resource type="Texture2D" uid="uid://brkff1fqj5ujv" path="res://assets/images/3dmarker.png" id="2_c31wd"]
[ext_resource type="Script" uid="uid://ch0lrmywrtaj1" path="res://scenes/sprite_3d.gd" id="3_1baeq"]

[sub_resource type="BoxShape3D" id="BoxShape3D_3y6o6"]
size = Vector3(22.9529, 0.112305, 6.1875)

[sub_resource type="StandardMaterial3D" id="StandardMaterial3D_asqxe"]
emission = Color(0.15, 0.15, 0.15, 1)
emission_energy_multiplier = 0.83

[sub_resource type="BoxShape3D" id="BoxShape3D_6t2mq"]
size = Vector3(15.3049, 1, 6.84741)

[sub_resource type="Animation" id="Animation_nakyh"]
length = 0.001
tracks/0/type = "value"
tracks/0/imported = false
tracks/0/enabled = true
tracks/0/path = NodePath(".:scale")
tracks/0/interp = 1
tracks/0/loop_wrap = true
tracks/0/keys = {
"times": PackedFloat32Array(0),
"transitions": PackedFloat32Array(1),
"update": 0,
"values": [Vector3(1, 1, 1)]
}

[sub_resource type="Animation" id="Animation_8ongt"]
resource_name = "indicator_animation"
loop_mode = 1
tracks/0/type = "value"
tracks/0/imported = false
tracks/0/enabled = true
tracks/0/path = NodePath(".:scale")
tracks/0/interp = 1
tracks/0/loop_wrap = true
tracks/0/keys = {
"times": PackedFloat32Array(0, 0.500161, 1),
"transitions": PackedFloat32Array(1, 1, 1),
"update": 0,
"values": [Vector3(1, 1, 1), Vector3(0.5, 0.5, 0.5), Vector3(1, 1, 1)]
}

[sub_resource type="AnimationLibrary" id="AnimationLibrary_pbrg1"]
_data = {
&"RESET": SubResource("Animation_nakyh"),
&"indicator_animation": SubResource("Animation_8ongt")
}

[sub_resource type="SphereShape3D" id="SphereShape3D_g2nkb"]
radius = 91.3932

[node name="side_platform" type="StaticBody3D" groups=["wall"]]
transform = Transform3D(-4.37114e-08, -1, 4.37114e-08, 0, -4.37114e-08, -1, 1, -4.37114e-08, 1.91069e-15, 0, 0, 0)

[node name="CollisionShape3D" type="CollisionShape3D" parent="."]
shape = SubResource("BoxShape3D_3y6o6")

[node name="CSGBox3D" type="CSGBox3D" parent="."]
transform = Transform3D(1, 0, 0, 0, 1, -8.35189e-23, 0, -8.35188e-23, 1, 0.0526657, -0.0148535, -1.9067e-06)
size = Vector3(22.8594, 0.0703125, 9.58398)
material = SubResource("StandardMaterial3D_asqxe")

[node name="CSGBox3D2" type="CSGBox3D" parent="."]
transform = Transform3D(1, 0, 0, 0, 1, -8.35189e-23, 0, -8.35188e-23, 1, -0.191937, 0.0568495, -2.48497e-09)
size = Vector3(22.4755, 0.0703125, 0.299805)
material = ExtResource("1_asqxe")

[node name="CSGBox3D3" type="CSGBox3D" parent="."]
transform = Transform3D(0.802005, -1.74549e-08, -0.597317, 3.47642e-08, 1, 1.74549e-08, 0.597317, -3.47642e-08, 0.802005, -10.1067, 0.0568494, -0.794936)
size = Vector3(2.64601, 0.0703125, 0.3125)
material = ExtResource("1_asqxe")

[node name="CSGBox3D14" type="CSGBox3D" parent="."]
transform = Transform3D(0.802005, -1.04878e-07, -0.597317, -5.26586e-08, -1, 1.04878e-07, -0.597317, -5.26586e-08, -0.802005, -10.1067, 0.0568495, 0.801091)
size = Vector3(2.64601, 0.0703125, 0.3125)
material = ExtResource("1_asqxe")

[node name="CSGBox3D15" type="CSGBox3D" parent="."]
transform = Transform3D(0.802005, -1.04878e-07, -0.597317, -5.26586e-08, -1, 1.04878e-07, -0.597317, -5.26586e-08, -0.802005, -8.1067, 0.0568494, 0.801091)
size = Vector3(2.64601, 0.0703125, 0.3125)
material = ExtResource("1_asqxe")

[node name="CSGBox3D16" type="CSGBox3D" parent="."]
transform = Transform3D(0.802005, -1.04878e-07, -0.597317, -5.26586e-08, -1, 1.04878e-07, -0.597317, -5.26586e-08, -0.802005, -6.1067, 0.0568493, 0.801091)
size = Vector3(2.64601, 0.0703125, 0.3125)
material = ExtResource("1_asqxe")

[node name="CSGBox3D17" type="CSGBox3D" parent="."]
transform = Transform3D(0.802005, -1.04878e-07, -0.597317, -5.26586e-08, -1, 1.04878e-07, -0.597317, -5.26586e-08, -0.802005, -4.1067, 0.0568492, 0.801091)
size = Vector3(2.64601, 0.0703125, 0.3125)
material = ExtResource("1_asqxe")

[node name="CSGBox3D18" type="CSGBox3D" parent="."]
transform = Transform3D(0.802005, -1.04878e-07, -0.597317, -5.26586e-08, -1, 1.04878e-07, -0.597317, -5.26586e-08, -0.802005, -2.1067, 0.0568492, 0.801091)
size = Vector3(2.64601, 0.0703125, 0.3125)
material = ExtResource("1_asqxe")

[node name="CSGBox3D19" type="CSGBox3D" parent="."]
transform = Transform3D(0.802005, -1.04878e-07, -0.597317, -5.26586e-08, -1, 1.04878e-07, -0.597317, -5.26586e-08, -0.802005, -0.106695, 0.0568491, 0.801091)
size = Vector3(2.64601, 0.0703125, 0.3125)
material = ExtResource("1_asqxe")

[node name="CSGBox3D20" type="CSGBox3D" parent="."]
transform = Transform3D(0.802005, -1.04878e-07, -0.597317, -5.26586e-08, -1, 1.04878e-07, -0.597317, -5.26586e-08, -0.802005, 1.8933, 0.056849, 0.801091)
size = Vector3(2.64601, 0.0703125, 0.3125)
material = ExtResource("1_asqxe")

[node name="CSGBox3D21" type="CSGBox3D" parent="."]
transform = Transform3D(0.802005, -1.04878e-07, -0.597317, -5.26586e-08, -1, 1.04878e-07, -0.597317, -5.26586e-08, -0.802005, 3.8933, 0.0568489, 0.801091)
size = Vector3(2.64601, 0.0703125, 0.3125)
material = ExtResource("1_asqxe")

[node name="CSGBox3D22" type="CSGBox3D" parent="."]
transform = Transform3D(0.802005, -1.04878e-07, -0.597317, -5.26586e-08, -1, 1.04878e-07, -0.597317, -5.26586e-08, -0.802005, 5.8933, 0.0568488, 0.801091)
size = Vector3(2.64601, 0.0703125, 0.3125)
material = ExtResource("1_asqxe")

[node name="CSGBox3D23" type="CSGBox3D" parent="."]
transform = Transform3D(0.802005, -1.04878e-07, -0.597317, -5.26586e-08, -1, 1.04878e-07, -0.597317, -5.26586e-08, -0.802005, 7.8933, 0.0568487, 0.801091)
size = Vector3(2.64601, 0.0703125, 0.3125)
material = ExtResource("1_asqxe")

[node name="CSGBox3D24" type="CSGBox3D" parent="."]
transform = Transform3D(0.802005, -1.04878e-07, -0.597317, -5.26586e-08, -1, 1.04878e-07, -0.597317, -5.26586e-08, -0.802005, 9.8933, 0.0568486, 0.801091)
size = Vector3(2.64601, 0.0703125, 0.3125)
material = ExtResource("1_asqxe")

[node name="CSGBox3D4" type="CSGBox3D" parent="."]
transform = Transform3D(0.802005, -1.74549e-08, -0.597317, 3.47642e-08, 1, 1.74549e-08, 0.597317, -3.47642e-08, 0.802005, -8.1067, 0.0568494, -0.794936)
size = Vector3(2.64601, 0.0703125, 0.3125)
material = ExtResource("1_asqxe")

[node name="CSGBox3D5" type="CSGBox3D" parent="."]
transform = Transform3D(0.802005, -1.74549e-08, -0.597317, 3.47642e-08, 1, 1.74549e-08, 0.597317, -3.47642e-08, 0.802005, -6.1067, 0.0568493, -0.794936)
size = Vector3(2.64601, 0.0703125, 0.3125)
material = ExtResource("1_asqxe")

[node name="CSGBox3D6" type="CSGBox3D" parent="."]
transform = Transform3D(0.802005, -1.74549e-08, -0.597317, 3.47642e-08, 1, 1.74549e-08, 0.597317, -3.47642e-08, 0.802005, -4.1067, 0.0568492, -0.794936)
size = Vector3(2.64601, 0.0703125, 0.3125)
material = ExtResource("1_asqxe")

[node name="CSGBox3D7" type="CSGBox3D" parent="."]
transform = Transform3D(0.802005, -1.74549e-08, -0.597317, 3.47642e-08, 1, 1.74549e-08, 0.597317, -3.47642e-08, 0.802005, -2.1067, 0.0568491, -0.794936)
size = Vector3(2.64601, 0.0703125, 0.3125)
material = ExtResource("1_asqxe")

[node name="CSGBox3D8" type="CSGBox3D" parent="."]
transform = Transform3D(0.802005, -1.74549e-08, -0.597317, 3.47642e-08, 1, 1.74549e-08, 0.597317, -3.47642e-08, 0.802005, -0.106695, 0.056849, -0.794936)
size = Vector3(2.64601, 0.0703125, 0.3125)
material = ExtResource("1_asqxe")

[node name="CSGBox3D9" type="CSGBox3D" parent="."]
transform = Transform3D(0.802005, -1.74549e-08, -0.597317, 3.47642e-08, 1, 1.74549e-08, 0.597317, -3.47642e-08, 0.802005, 1.8933, 0.0568489, -0.794936)
size = Vector3(2.64601, 0.0703125, 0.3125)
material = ExtResource("1_asqxe")

[node name="CSGBox3D10" type="CSGBox3D" parent="."]
transform = Transform3D(0.802005, -1.74549e-08, -0.597317, 3.47642e-08, 1, 1.74549e-08, 0.597317, -3.47642e-08, 0.802005, 3.8933, 0.0568488, -0.794936)
size = Vector3(2.64601, 0.0703125, 0.3125)
material = ExtResource("1_asqxe")

[node name="CSGBox3D11" type="CSGBox3D" parent="."]
transform = Transform3D(0.802005, -1.74549e-08, -0.597317, 3.47642e-08, 1, 1.74549e-08, 0.597317, -3.47642e-08, 0.802005, 5.8933, 0.0568487, -0.794936)
size = Vector3(2.64601, 0.0703125, 0.3125)
material = ExtResource("1_asqxe")

[node name="CSGBox3D12" type="CSGBox3D" parent="."]
transform = Transform3D(0.802005, -1.74549e-08, -0.597317, 3.47642e-08, 1, 1.74549e-08, 0.597317, -3.47642e-08, 0.802005, 7.8933, 0.0568487, -0.794936)
size = Vector3(2.64601, 0.0703125, 0.3125)
material = ExtResource("1_asqxe")

[node name="CSGBox3D13" type="CSGBox3D" parent="."]
transform = Transform3D(0.802005, -1.74549e-08, -0.597317, 3.47642e-08, 1, 1.74549e-08, 0.597317, -3.47642e-08, 0.802005, 9.8933, 0.0568486, -0.794936)
size = Vector3(2.64601, 0.0703125, 0.3125)
material = ExtResource("1_asqxe")

[node name="side_platform_hook" type="StaticBody3D" parent="." groups=["side_platform_hook"]]

[node name="CollisionShape3D" type="CollisionShape3D" parent="side_platform_hook"]
transform = Transform3D(1, 0, 0, 0, 1, -8.35187e-23, 0, -8.35187e-23, 1, -3.66178, 0.332959, -1.45541e-08)
shape = SubResource("BoxShape3D_6t2mq")

[node name="point" type="Node3D" parent="."]
transform = Transform3D(1, 0, 0, 0, 1, 0, 0, 0, 1, -8.51399, 0.748546, -3.272e-08)

[node name="Sprite3D" type="Sprite3D" parent="."]
transform = Transform3D(1, -4.37114e-08, 1.91069e-15, 0, -4.37114e-08, -1, 4.37114e-08, 1, -4.37114e-08, -9.0435, 2.19991, -9.61609e-08)
billboard = 1
texture = ExtResource("2_c31wd")
script = ExtResource("3_1baeq")

[node name="AnimationPlayer" type="AnimationPlayer" parent="Sprite3D"]
libraries = {
&"": SubResource("AnimationLibrary_pbrg1")
}
movie_quit_on_finish = true

[node name="player_distance" type="Area3D" parent="."]

[node name="CollisionShape3D" type="CollisionShape3D" parent="player_distance"]
shape = SubResource("SphereShape3D_g2nkb")

[connection signal="body_entered" from="player_distance" to="Sprite3D" method="_on_player_distance_body_entered"]
